1000   1010   1020   1030   1040   1050   1060   1070   1080   1090   1100   1110   1120   1130   1140   1150   1160   1170   1180   1190   1200   1210   9100   
2000   2100   2110   2120   2130   2200   2210   2300   2310   2320   2330   2340   2350   2360   2370   2400   2500   2600   2700   2710   2720   2730   2740   2750   2760   2770   9100   
3000   3010   3020   3030   3040   9100   
4000   4010   9100   
5000   5010   5100   5110   9100   
6000   9100   
7000   9100   
8000   9100   
6000   3020   9100   
INDENT   6000   3020   9100   
INDENT   6000   9100   
DEDENT   6000   9100   
DEDENT   6000   1000   1010   1020   1030   1040   1050   1060   1070   1080   1090   1100   1110   1120   1130   1140   1150   1160   1170   1180   1190   1200   1210   9100   
2000   2100   2110   2120   2130   2200   2210   2300   2310   2320   2330   2340   2350   2360   2370   2400   2500   2600   2700   2710   2720   2730   2740   2750   2760   2770   9100   
3000   3010   3020   3030   3040   9100   
4000   4010   9100   
5000   5010   5100   5110   9100   
6000   9100   
7000   9100   
8000   9100   
6000   3020   9100   
INDENT   6000   3020   9100   
INDENT   6000   9100   
DEDENT   6000   9100   
DEDENT   6000   